29-ene-2015
05:44:57.985 26
25 2404304 3420CA IBE32VJ 4016 -1.93684 40.22011 23550.0 415.8 303.4 -960.0 0 0 0 0 2015/01/29 17:44:06.087
8786 2404320 4CA7A7 RYR950W 4030 0.04346 39.63229 37000.0 384.3 274.6 0.0 0 0 0 0 2015/01/29 17:44:08.525
450 2404367 4CA2AA RYR9006 4661 1.80794 41.10451 31300.0 409.3 228.2 256.0 0 0 0 0 2015/01/29 17:44:44.478
6438 2404355 A62B2F GTI852 4040 1.66905 41.2565 36975.0 414.8 261.3 64.0 0 0 0 0 2015/01/29 17:44:08.525
20844 2404323 344548 VLG1309 6331 1.05069 40.71645 20250.0 425.9 76.4 -1600.0 0 0 0 0 2015/01/29 17:44:05.728
1413 2404365 4951CC TAP833 4037 2.46692 41.14069 39050.0 368.5 264.9 0.0 0 0 0 0 2015/01/29 17:44:17.728
486 2404346 0A001B DAH2014 4272 1.68939 38.63539 34000.0 399.1 328.4 0.0 0 0 0 0 2015/01/29 17:44:06.290
15163 2404341 4CA9EC RYR1422 5426 -0.87017 41.29803 38000.0 478.4 78.1 64.0 0 0 0 0 2015/01/29 17:44:27.728
15084 2404307 344292 VLG2229 3737 1.39026 40.78395 17425.0 391.2 75.6 -896.0 0 0 0 0 2015/01/29 17:44:05.884
15109 2404336 4A082F BMS125 4034 1.35205 39.09895 33000.0 397.8 248.5 0.0 0 0 0 0 2015/01/29 17:44:06.087
294 2404366 342058 6079 6034 -1.24268 39.59277 32000.0 515.4 120.3 -64.0 0 0 0 0 2015/01/29 17:44:06.821
16343 2404329 4CAA59 RYR625Y 4025 -0.36816 39.56982 37000.0 423.9 227.4 64.0 0 0 0 0 2015/01/29 17:44:06.821
20235 2404358 3444CB VLG2014 6353 1.05719 40.60139 28225.0 432.2 219.2 1728.0 0 0 0 0 2015/01/29 17:44:09.540
20399 2404339 3964EC TVF2DE 7625 -3.11265 39.38873 39000.0 495.7 192.5 0.0 0 0 0 0 2015/01/29 17:44:06.087
17312 2404368 344449 IBE17SW 6023 -2.40089 41.01243 27575.0 435.3 68.1 2304.0 0 0 0 0 2015/01/29 17:44:07.103
787 2404338 342119 AEA1004 7652 -0.11873 40.16029 16625.0 452.0 183.8 -3328.0 0 0 0 0 2015/01/29 17:44:05.728
17314 2404351 3443D1 VLG2268 6334 0.86029 40.45038 29625.0 434.1 228.1 1088.0 0 0 0 0 2015/01/29 17:44:05.728
12149 2404359 4CA8EA 4CA8EA ____ -3.54034 38.86496 38000.0 360.0 6.1 0.0 0 0 0 0 2015/01/29 17:44:51.384
914 2404331 4CA4E6 RYR87PA 1263 -0.46312 38.32507 35000.0 409.9 236.0 0.0 0 0 0 0 2015/01/29 17:44:06.087
21569 2404369 344644 VLG1426 6335 1.70044 41.33789 16150.0 313.3 300.5 2368.0 0 0 0 0 2015/01/29 17:44:37.368
9596 2404360 3C4866 BER907H 3713 -1.07724 38.08475 31975.0 440.6 66.2 64.0 0 0 0 0 2015/01/29 17:44:06.821
2788 2404353 4CA1D2 RYR148W 4033 1.49152 40.88799 37000.0 411.3 227.9 64.0 0 0 0 0 2015/01/29 17:44:06.821
4397 2404361 3C4895 BER7955 6320 -0.62878 39.47923 9375.0 280.4 166.0 3008.0 0 0 0 0 2015/01/29 17:44:06.821
529 2404335 02001C RAM721P 4020 -2.80273 39.52988 36975.0 492.1 211.6 0.0 0 0 0 0 2015/01/29 17:44:05.728
286 2404330 400EFC EZY61RP 4024 -0.76953 39.36569 37050.0 444.6 229.3 64.0 0 0 0 0 2015/01/29 17:44:05.884
2694 2404342 3C6635 DLH1333 1066 -2.66175 40.70295 38000.0 392.5 34.6 0.0 0 0 0 0 2015/01/29 17:44:06.087
05:44:58.991 26
25 2404304 3420CA IBE32VJ 4016 -1.93842 40.22104 23525.0 415.8 303.4 -960.0 0 0 0 0 2015/01/29 17:44:06.087
8786 2404320 4CA7A7 RYR950W 4030 0.04071 39.63248 37000.0 384.3 274.6 0.0 0 0 0 0 2015/01/29 17:44:08.525
450 2404367 4CA2AA RYR9006 4661 1.80794 41.10451 31300.0 410.0 228.1 192.0 0 0 0 0 2015/01/29 17:44:44.478
6438 2404355 A62B2F GTI852 4040 1.66754 41.25632 36975.0 414.8 261.3 64.0 0 0 0 0 2015/01/29 17:44:08.525
20844 2404323 344548 VLG1309 6331 1.05069 40.71645 20250.0 425.9 76.4 -1600.0 0 0 0 0 2015/01/29 17:44:05.728
1413 2404365 4951CC TAP833 4037 2.46692 41.14069 39050.0 368.5 264.9 0.0 0 0 0 0 2015/01/29 17:44:17.728
486 2404346 0A001B DAH2014 4272 1.68813 38.63695 34000.0 398.2 328.3 0.0 0 0 0 0 2015/01/29 17:44:06.290
15163 2404341 4CA9EC RYR1422 5426 -0.87017 41.29803 38000.0 478.4 78.1 64.0 0 0 0 0 2015/01/29 17:44:27.728
15084 2404307 344292 VLG2229 3737 1.39026 40.78395 17425.0 391.2 75.6 -896.0 0 0 0 0 2015/01/29 17:44:05.884
15109 2404336 4A082F BMS125 4034 1.34983 39.09819 33000.0 397.8 248.5 0.0 0 0 0 0 2015/01/29 17:44:06.087
294 2404366 342058 6079 6034 -1.24002 39.59152 32000.0 515.4 120.3 -64.0 0 0 0 0 2015/01/29 17:44:06.821
16343 2404329 4CAA59 RYR625Y 4025 -0.36888 39.56927 37000.0 423.9 227.4 0.0 0 0 0 0 2015/01/29 17:44:06.821
20235 2404358 3444CB VLG2014 6353 1.05719 40.60139 28225.0 432.2 219.2 1728.0 0 0 0 0 2015/01/29 17:44:09.540
20399 2404339 3964EC TVF2DE 7625 -3.11334 39.38645 39000.0 495.7 192.5 0.0 0 0 0 0 2015/01/29 17:44:06.087
17312 2404368 344449 IBE17SW 6023 -2.39838 41.0132 27600.0 435.3 68.1 2304.0 0 0 0 0 2015/01/29 17:44:07.103
787 2404338 342119 AEA1004 7652 -0.11884 40.15924 16600.0 452.0 183.8 -3328.0 0 0 0 0 2015/01/29 17:44:05.728
17314 2404351 3443D1 VLG2268 6334 0.85793 40.44873 29625.0 434.8 228.0 1152.0 0 0 0 0 2015/01/29 17:44:05.728
12149 2404359 4CA8EA 4CA8EA ____ -3.54034 38.86496 38000.0 360.0 6.1 0.0 0 0 0 0 2015/01/29 17:44:51.384
914 2404331 4CA4E6 RYR87PA 1263 -0.46552 38.32379 35000.0 409.9 236.0 0.0 0 0 0 0 2015/01/29 17:44:06.087
21569 2404369 344644 VLG1426 6335 1.69876 41.33862 16200.0 313.3 300.5 2368.0 0 0 0 0 2015/01/29 17:44:37.368
9596 2404360 3C4866 BER907H 3713 -1.07582 38.08527 31975.0 440.6 66.2 64.0 0 0 0 0 2015/01/29 17:44:06.821
2788 2404353 4CA1D2 RYR148W 4033 1.49152 40.88799 37000.0 411.3 227.9 64.0 0 0 0 0 2015/01/29 17:44:06.821
4397 2404361 3C4895 BER7955 6320 -0.62825 39.47795 9425.0 281.7 164.1 3072.0 0 0 0 0 2015/01/29 17:44:06.821
529 2404335 02001C RAM721P 4020 -2.80273 39.52988 36975.0 492.1 211.6 0.0 0 0 0 0 2015/01/29 17:44:05.728
286 2404330 400EFC EZY61RP 4024 -0.77209 39.36392 37050.0 444.6 229.3 64.0 0 0 0 0 2015/01/29 17:44:05.884
2694 2404342 3C6635 DLH1333 1066 -2.6604 40.70448 38000.0 392.5 34.6 0.0 0 0 0 0 2015/01/29 17:44:06.087
05:44:59.997 26
25 2404304 3420CA IBE32VJ 4016 -1.93842 40.22104 23525.0 415.2 303.3 -960.0 0 0 0 0 2015/01/29 17:44:06.087
8786 2404320 4CA7A7 RYR950W 4030 0.03845 39.63268 37000.0 384.3 274.6 0.0 0 0 0 0 2015/01/29 17:44:08.525
450 2404367 4CA2AA RYR9006 4661 1.80794 41.10451 31300.0 410.0 228.1 192.0 0 0 0 0 2015/01/29 17:44:44.478
6438 2404355 A62B2F GTI852 4040 1.66754 41.25632 36975.0 414.8 261.3 64.0 0 0 0 0 2015/01/29 17:44:08.525
20844 2404323 344548 VLG1309 6331 1.05069 40.71645 20250.0 424.0 76.4 -1600.0 0 0 0 0 2015/01/29 17:44:05.728
1413 2404365 4951CC TAP833 4037 2.46692 41.14069 39050.0 368.5 264.9 0.0 0 0 0 0 2015/01/29 17:44:17.728
486 2404346 0A001B DAH2014 4272 1.68742 38.63791 34000.0 399.1 328.4 0.0 0 0 0 0 2015/01/29 17:44:06.290
15163 2404341 4CA9EC RYR1422 5426 -0.87017 41.29803 38000.0 478.4 78.1 64.0 0 0 0 0 2015/01/29 17:44:27.728
15084 2404307 344292 VLG2229 3737 1.39026 40.78395 17425.0 391.2 75.6 -896.0 0 0 0 0 2015/01/29 17:44:05.884
15109 2404336 4A082F BMS125 4034 1.3469 39.09727 33000.0 397.8 248.5 0.0 0 0 0 0 2015/01/29 17:44:06.087
294 2404366 342058 6079 6034 -1.24002 39.59152 32000.0 515.4 120.3 -64.0 0 0 0 0 2015/01/29 17:44:06.821
16343 2404329 4CAA59 RYR625Y 4025 -0.37152 39.5674 37000.0 423.9 227.4 0.0 0 0 0 0 2015/01/29 17:44:06.821
20235 2404358 3444CB VLG2014 6353 1.05719 40.60139 28225.0 432.2 219.2 1728.0 0 0 0 0 2015/01/29 17:44:09.540
20399 2404339 3964EC TVF2DE 7625 -3.11397 39.3842 39000.0 495.7 192.5 0.0 0 0 0 0 2015/01/29 17:44:06.087
17312 2404368 344449 IBE17SW 6023 -2.39838 41.0132 27600.0 435.3 68.1 2304.0 0 0 0 0 2015/01/29 17:44:07.103
787 2404338 342119 AEA1004 7652 -0.11904 40.15694 16525.0 452.0 183.8 -3392.0 0 0 0 0 2015/01/29 17:44:05.728
17314 2404351 3443D1 VLG2268 6334 0.85596 40.44736 29650.0 434.8 228.0 1152.0 0 0 0 0 2015/01/29 17:44:05.728
12149 2404359 4CA8EA 4CA8EA ____ -3.54034 38.86496 38000.0 360.0 6.1 0.0 0 0 0 0 2015/01/29 17:44:51.384
914 2404331 4CA4E6 RYR87PA 1263 -0.46752 38.32273 35000.0 409.9 236.0 0.0 0 0 0 0 2015/01/29 17:44:06.087
21569 2404369 344644 VLG1426 6335 1.69876 41.33862 16200.0 313.3 300.5 2368.0 0 0 0 0 2015/01/29 17:44:37.368
9596 2404360 3C4866 BER907H 3713 -1.07582 38.08527 31975.0 440.6 66.2 64.0 0 0 0 0 2015/01/29 17:44:06.821
2788 2404353 4CA1D2 RYR148W 4033 1.49152 40.88799 37000.0 411.3 227.9 64.0 0 0 0 0 2015/01/29 17:44:06.821
4397 2404361 3C4895 BER7955 6320 -0.62825 39.47795 9425.0 281.7 164.1 3072.0 0 0 0 0 2015/01/29 17:44:06.821
529 2404335 02001C RAM721P 4020 -2.80273 39.52988 36975.0 492.1 211.6 0.0 0 0 0 0 2015/01/29 17:44:05.728
286 2404330 400EFC EZY61RP 4024 -0.7743 39.36246 37050.0 444.6 229.3 64.0 0 0 0 0 2015/01/29 17:44:05.884
2694 2404342 3C6635 DLH1333 1066 -2.659 40.70602 38000.0 392.5 34.6 0.0 0 0 0 0 2015/01/29 17:44:06.087
05:45:01.3 26
25 2404304 3420CA IBE32VJ 4016 -1.94257 40.22287 23500.0 415.2 303.3 -960.0 0 0 0 0 2015/01/29 17:44:06.087
8786 2404320 4CA7A7 RYR950W 4030 0.0366 39.63281 37000.0 384.3 274.6 -64.0 0 0 0 0 2015/01/29 17:44:08.525
450 2404367 4CA2AA RYR9006 4661 1.8012 41.09995 31325.0 411.4 228.1 128.0 0 0 0 0 2015/01/29 17:44:44.478
6438 2404355 A62B2F GTI852 4040 1.66754 41.25632 36975.0 414.8 261.3 64.0 0 0 0 0 2015/01/29 17:44:08.525
20844 2404323 344548 VLG1309 6331 1.06592 40.71948 20075.0 424.0 76.4 -1600.0 0 0 0 0 2015/01/29 17:44:05.728
1413 2404365 4951CC TAP833 4037 2.45795 41.14005 39050.0 368.5 264.9 0.0 0 0 0 0 2015/01/29 17:44:17.728
486 2404346 0A001B DAH2014 4272 1.68561 38.64027 34000.0 398.2 328.3 0.0 0 0 0 0 2015/01/29 17:44:06.290
15163 2404341 4CA9EC RYR1422 5426 -0.87017 41.29803 38000.0 478.4 78.1 64.0 0 0 0 0 2015/01/29 17:44:27.728
15084 2404307 344292 VLG2229 3737 1.39026 40.78395 17425.0 391.2 75.6 -896.0 0 0 0 0 2015/01/29 17:44:05.884
15109 2404336 4A082F BMS125 4034 1.34485 39.09662 33000.0 398.1 248.3 0.0 0 0 0 0 2015/01/29 17:44:06.087
294 2404366 342058 6079 6034 -1.23523 39.58928 32000.0 514.5 120.4 -64.0 0 0 0 0 2015/01/29 17:44:06.821
16343 2404329 4CAA59 RYR625Y 4025 -0.37336 39.56602 37000.0 423.9 227.4 0.0 0 0 0 0 2015/01/29 17:44:06.821
20235 2404358 3444CB VLG2014 6353 1.05719 40.60139 28225.0 432.2 219.2 1728.0 0 0 0 0 2015/01/29 17:44:09.540
20399 2404339 3964EC TVF2DE 7625 -3.11462 39.38194 39000.0 495.7 192.5 0.0 0 0 0 0 2015/01/29 17:44:06.087
17312 2404368 344449 IBE17SW 6023 -2.39392 41.01457 27675.0 435.3 68.1 2304.0 0 0 0 0 2015/01/29 17:44:07.103
787 2404338 342119 AEA1004 7652 -0.11923 40.15484 16475.0 451.0 183.8 -3520.0 0 0 0 0 2015/01/29 17:44:05.728
17314 2404351 3443D1 VLG2268 6334 0.854 40.44598 29675.0 434.8 228.0 1152.0 0 0 0 0 2015/01/29 17:44:05.728
12149 2404359 4CA8EA 4CA8EA ____ -3.54034 38.86496 38000.0 360.0 6.1 0.0 0 0 0 0 2015/01/29 17:44:51.384
914 2404331 4CA4E6 RYR87PA 1263 -0.46955 38.32169 35000.0 409.9 236.0 0.0 0 0 0 0 2015/01/29 17:44:06.087
21569 2404369 344644 VLG1426 6335 1.69876 41.33862 16250.0 314.2 300.4 2304.0 0 0 0 0 2015/01/29 17:44:37.368
9596 2404360 3C4866 BER907H 3713 -1.07064 38.08717 32000.0 440.6 66.2 64.0 0 0 0 0 2015/01/29 17:44:06.821
2788 2404353 4CA1D2 RYR148W 4033 1.49152 40.88799 37000.0 411.3 227.9 64.0 0 0 0 0 2015/01/29 17:44:06.821
4397 2404361 3C4895 BER7955 6320 -0.62825 39.47795 9425.0 290.0 160.9 3136.0 0 0 0 0 2015/01/29 17:44:06.821
529 2404335 02001C RAM721P 4020 -2.80273 39.52988 36975.0 492.1 211.6 0.0 0 0 0 0 2015/01/29 17:44:05.728
286 2404330 400EFC EZY61RP 4024 -0.776 39.36127 37050.0 444.6 229.3 64.0 0 0 0 0 2015/01/29 17:44:05.884
2694 2404342 3C6635 DLH1333 1066 -2.65765 40.70755 38000.0 392.5 34.6 0.0 0 0 0 0 2015/01/29 17:44:06.087
05:45:02.9 26
25 2404304 3420CA IBE32VJ 4016 -1.94483 40.22416 23475.0 415.2 303.3 -960.0 0 0 0 0 2015/01/29 17:44:06.087
8786 2404320 4CA7A7 RYR950W 4030 0.03385 39.63304 37000.0 384.3 274.6 -64.0 0 0 0 0 2015/01/29 17:44:08.525
450 2404367 4CA2AA RYR9006 4661 1.79895 41.09841 31325.0 412.8 228.0 128.0 0 0 0 0 2015/01/29 17:44:44.478
6438 2404355 A62B2F GTI852 4040 1.66754 41.25632 36975.0 414.8 261.3 64.0 0 0 0 0 2015/01/29 17:44:08.525
20844 2404323 344548 VLG1309 6331 1.06592 40.71948 20075.0 424.0 76.4 -1600.0 0 0 0 0 2015/01/29 17:44:05.728
1413 2404365 4951CC TAP833 4037 2.45795 41.14005 39050.0 368.5 264.9 0.0 0 0 0 0 2015/01/29 17:44:17.728
486 2404346 0A001B DAH2014 4272 1.68433 38.64185 34000.0 397.7 328.5 0.0 0 0 0 0 2015/01/29 17:44:06.290
15163 2404341 4CA9EC RYR1422 5426 -0.87017 41.29803 38000.0 478.4 78.1 64.0 0 0 0 0 2015/01/29 17:44:27.728
15084 2404307 344292 VLG2229 3737 1.39026 40.78395 17425.0 391.2 75.6 -896.0 0 0 0 0 2015/01/29 17:44:05.884
15109 2404336 4A082F BMS125 4034 1.34253 39.09587 33000.0 398.1 248.3 0.0 0 0 0 0 2015/01/29 17:44:06.087
294 2404366 342058 6079 6034 -1.23256 39.58804 32000.0 514.5 120.4 -128.0 0 0 0 0 2015/01/29 17:44:06.821
16343 2404329 4CAA59 RYR625Y 4025 -0.37524 39.56465 37000.0 423.9 227.4 0.0 0 0 0 0 2015/01/29 17:44:06.821
20235 2404358 3444CB VLG2014 6353 1.05719 40.60139 28225.0 433.6 219.2 1728.0 0 0 0 0 2015/01/29 17:44:09.540
20399 2404339 3964EC TVF2DE 7625 -3.11522 39.37967 39000.0 495.7 192.5 0.0 0 0 0 0 2015/01/29 17:44:06.087
17312 2404368 344449 IBE17SW 6023 -2.39146 41.01531 27725.0 438.8 68.1 2432.0 0 0 0 0 2015/01/29 17:44:07.103
787 2404338 342119 AEA1004 7652 -0.11948 40.15196 16400.0 450.9 183.7 -3520.0 0 0 0 0 2015/01/29 17:44:05.728
17314 2404351 3443D1 VLG2268 6334 0.85205 40.44461 29700.0 434.8 228.0 1216.0 0 0 0 0 2015/01/29 17:44:05.728
12149 2404359 4CA8EA 4CA8EA ____ -3.54034 38.86496 38000.0 360.0 6.1 0.0 0 0 0 0 2015/01/29 17:44:51.384
914 2404331 4CA4E6 RYR87PA 1263 -0.47152 38.32059 35000.0 409.9 236.0 0.0 0 0 0 0 2015/01/29 17:44:06.087
21569 2404369 344644 VLG1426 6335 1.69354 41.34109 16325.0 314.2 300.4 2304.0 0 0 0 0 2015/01/29 17:44:37.368
9596 2404360 3C4866 BER907H 3713 -1.06735 38.08834 32000.0 440.6 66.2 64.0 0 0 0 0 2015/01/29 17:44:06.821
2788 2404353 4CA1D2 RYR148W 4033 1.48409 40.88292 37000.0 411.3 227.9 64.0 0 0 0 0 2015/01/29 17:44:06.821
4397 2404361 3C4895 BER7955 6320 -0.62653 39.47416 9575.0 290.3 159.0 3200.0 0 0 0 0 2015/01/29 17:44:06.821
529 2404335 02001C RAM721P 4020 -2.80273 39.52988 36975.0 492.1 211.6 0.0 0 0 0 0 2015/01/29 17:44:05.728
286 2404330 400EFC EZY61RP 4024 -0.77576 39.36145 37050.0 444.6 229.3 64.0 0 0 0 0 2015/01/29 17:44:05.884
2694 2404342 3C6635 DLH1333 1066 -2.65632 40.70909 38000.0 392.5 34.6 0.0 0 0 0 0 2015/01/29 17:44:06.087
05:45:03.13 26
25 2404304 3420CA IBE32VJ 4016 -1.94864 40.22616 23450.0 414.4 303.4 -1024.0 0 0 0 0 2015/01/29 17:44:06.087
8786 2404320 4CA7A7 RYR950W 4030 0.032 39.63318 37000.0 384.3 274.6 0.0 0 0 0 0 2015/01/29 17:44:08.525
450 2404367 4CA2AA RYR9006 4661 1.79745 41.09739 31325.0 412.8 228.0 128.0 0 0 0 0 2015/01/29 17:44:44.478
6438 2404355 A62B2F GTI852 4040 1.66754 41.25632 36975.0 414.8 261.3 64.0 0 0 0 0 2015/01/29 17:44:08.525
20844 2404323 344548 VLG1309 6331 1.06952 40.72018 20050.0 423.0 76.3 -1600.0 0 0 0 0 2015/01/29 17:44:05.728
1413 2404365 4951CC TAP833 4037 2.45398 41.13977 39050.0 367.5 264.8 -64.0 0 0 0 0 2015/01/29 17:44:17.728
486 2404346 0A001B DAH2014 4272 1.68324 38.64326 34000.0 397.7 328.5 0.0 0 0 0 0 2015/01/29 17:44:06.290
15163 2404341 4CA9EC RYR1422 5426 -0.87017 41.29803 38000.0 478.4 78.1 64.0 0 0 0 0 2015/01/29 17:44:27.728
15084 2404307 344292 VLG2229 3737 1.39026 40.78395 17425.0 391.2 75.6 -896.0 0 0 0 0 2015/01/29 17:44:05.884
15109 2404336 4A082F BMS125 4034 1.34033 39.09521 33000.0 397.2 248.3 0.0 0 0 0 0 2015/01/29 17:44:06.087
294 2404366 342058 6079 6034 -1.22992 39.58681 32000.0 514.5 120.4 -64.0 0 0 0 0 2015/01/29 17:44:06.821
16343 2404329 4CAA59 RYR625Y 4025 -0.37712 39.56328 37000.0 423.9 227.4 64.0 0 0 0 0 2015/01/29 17:44:06.821
20235 2404358 3444CB VLG2014 6353 1.04492 40.58968 28425.0 433.6 219.2 1728.0 0 0 0 0 2015/01/29 17:44:09.540
20399 2404339 3964EC TVF2DE 7625 -3.11576 39.37784 39000.0 495.7 192.5 0.0 0 0 0 0 2015/01/29 17:44:06.087
17312 2404368 344449 IBE17SW 6023 -2.38898 41.01608 27750.0 438.1 68.3 2496.0 0 0 0 0 2015/01/29 17:44:07.103
787 2404338 342119 AEA1004 7652 -0.1196 40.14986 16350.0 451.0 183.8 -3456.0 0 0 0 0 2015/01/29 17:44:05.728
17314 2404351 3443D1 VLG2268 6334 0.85088 40.44375 29700.0 434.8 228.0 1216.0 0 0 0 0 2015/01/29 17:44:05.728
12149 2404359 4CA8EA 4CA8EA ____ -3.54034 38.86496 38000.0 360.0 6.1 0.0 0 0 0 0 2015/01/29 17:44:51.384
914 2404331 4CA4E6 RYR87PA 1263 -0.4727 38.31999 35000.0 409.9 236.0 0.0 0 0 0 0 2015/01/29 17:44:06.087
21569 2404369 344644 VLG1426 6335 1.69196 41.34179 16350.0 315.6 300.5 2304.0 0 0 0 0 2015/01/29 17:44:37.368
9596 2404360 3C4866 BER907H 3713 -1.06543 38.08904 32000.0 440.6 66.2 64.0 0 0 0 0 2015/01/29 17:44:06.821
2788 2404353 4CA1D2 RYR148W 4033 1.48224 40.88164 37000.0 411.3 227.9 64.0 0 0 0 0 2015/01/29 17:44:06.821
4397 2404361 3C4895 BER7955 6320 -0.6258 39.47292 9625.0 283.1 156.7 3200.0 0 0 0 0 2015/01/29 17:44:06.821
529 2404335 02001C RAM721P 4020 -2.84033 39.48263 36975.0 493.4 211.7 0.0 0 0 0 0 2015/01/29 17:44:05.728
286 2404330 400EFC EZY61RP 4024 -0.77985 39.35861 37050.0 445.3 229.2 64.0 0 0 0 0 2015/01/29 17:44:05.884
2694 2404342 3C6635 DLH1333 1066 -2.65497 40.71062 38000.0 392.5 34.6 0.0 0 0 0 0 2015/01/29 17:44:06.087
05:45:04.19 26
25 2404304 3420CA IBE32VJ 4016 -1.94864 40.22616 23450.0 414.4 303.4 -1024.0 0 0 0 0 2015/01/29 17:44:06.087
8786 2404320 4CA7A7 RYR950W 4030 0.03015 39.63332 37000.0 384.3 274.6 0.0 0 0 0 0 2015/01/29 17:44:08.525
450 2404367 4CA2AA RYR9006 4661 1.7967 41.09687 31325.0 414.2 228.0 128.0 0 0 0 0 2015/01/29 17:44:44.478
6438 2404355 A62B2F GTI852 4040 1.66754 41.25632 36975.0 414.8 261.3 0.0 0 0 0 0 2015/01/29 17:44:08.525
20844 2404323 344548 VLG1309 6331 1.06952 40.72018 20050.0 423.0 76.3 -1600.0 0 0 0 0 2015/01/29 17:44:05.728
1413 2404365 4951CC TAP833 4037 2.45398 41.13977 39050.0 367.5 264.8 -64.0 0 0 0 0 2015/01/29 17:44:17.728
486 2404346 0A001B DAH2014 4272 1.68204 38.64482 34000.0 397.7 328.5 0.0 0 0 0 0 2015/01/29 17:44:06.290
15163 2404341 4CA9EC RYR1422 5426 -0.87017 41.29803 38000.0 478.4 78.1 64.0 0 0 0 0 2015/01/29 17:44:27.728
15084 2404307 344292 VLG2229 3737 1.39026 40.78395 17425.0 391.2 75.6 -896.0 0 0 0 0 2015/01/29 17:44:05.884
15109 2404336 4A082F BMS125 4034 1.33806 39.09444 33000.0 397.6 248.1 64.0 0 0 0 0 2015/01/29 17:44:06.087
294 2404366 342058 6079 6034 -1.22992 39.58681 32000.0 514.5 120.4 0.0 0 0 0 0 2015/01/29 17:44:06.821
16343 2404329 4CAA59 RYR625Y 4025 -0.37897 39.56195 37000.0 423.9 227.4 64.0 0 0 0 0 2015/01/29 17:44:06.821
20235 2404358 3444CB VLG2014 6353 1.04291 40.58775 28475.0 433.6 219.2 1664.0 0 0 0 0 2015/01/29 17:44:09.540
20399 2404339 3964EC TVF2DE 7625 -3.11639 39.37556 39000.0 495.7 192.5 64.0 0 0 0 0 2015/01/29 17:44:06.087
17312 2404368 344449 IBE17SW 6023 -2.38647 41.0168 27800.0 438.3 68.6 2496.0 0 0 0 0 2015/01/29 17:44:07.103
787 2404338 342119 AEA1004 7652 -0.11979 40.14777 16300.0 451.0 183.8 -3264.0 0 0 0 0 2015/01/29 17:44:05.728
17314 2404351 3443D1 VLG2268 6334 0.84738 40.44128 29750.0 434.8 228.0 1216.0 0 0 0 0 2015/01/29 17:44:05.728
12149 2404359 4CA8EA 4CA8EA ____ -3.54034 38.86496 38000.0 360.0 6.1 0.0 0 0 0 0 2015/01/29 17:44:51.384
914 2404331 4CA4E6 RYR87PA 1263 -0.47592 38.3183 35000.0 409.9 236.0 64.0 0 0 0 0 2015/01/29 17:44:06.087
21569 2404369 344644 VLG1426 6335 1.69055 41.34247 16375.0 315.6 300.5 2304.0 0 0 0 0 2015/01/29 17:44:37.368
9596 2404360 3C4866 BER907H 3713 -1.06454 38.08937 32000.0 440.6 66.2 64.0 0 0 0 0 2015/01/29 17:44:06.821
2788 2404353 4CA1D2 RYR148W 4033 1.48224 40.88164 37000.0 411.3 227.9 0.0 0 0 0 0 2015/01/29 17:44:06.821
4397 2404361 3C4895 BER7955 6320 -0.6258 39.47292 9625.0 283.1 156.7 3200.0 0 0 0 0 2015/01/29 17:44:06.821
529 2404335 02001C RAM721P 4020 -2.84204 39.48049 36975.0 493.4 211.7 0.0 0 0 0 0 2015/01/29 17:44:05.728
286 2404330 400EFC EZY61RP 4024 -0.78326 39.35624 37050.0 445.3 229.2 64.0 0 0 0 0 2015/01/29 17:44:05.884
2694 2404342 3C6635 DLH1333 1066 -2.65356 40.71213 38000.0 392.5 34.6 0.0 0 0 0 0 2015/01/29 17:44:06.087
05:45:05.24 26
25 2404304 3420CA IBE32VJ 4016 -1.95123 40.2274 23450.0 414.4 303.4 -1024.0 0 0 0 0 2015/01/29 17:44:06.087
8786 2404320 4CA7A7 RYR950W 4030 0.02741 39.63354 37000.0 384.3 274.6 0.0 0 0 0 0 2015/01/29 17:44:08.525
450 2404367 4CA2AA RYR9006 4661 1.79371 41.09483 31325.0 414.2 228.0 192.0 0 0 0 0 2015/01/29 17:44:44.478
6438 2404355 A62B2F GTI852 4040 1.66754 41.25632 36975.0 414.8 261.3 0.0 0 0 0 0 2015/01/29 17:44:08.525
20844 2404323 344548 VLG1309 6331 1.06952 40.72018 20050.0 423.0 76.3 -1600.0 0 0 0 0 2015/01/29 17:44:05.728
1413 2404365 4951CC TAP833 4037 2.44833 41.13942 39050.0 367.5 264.8 -64.0 0 0 0 0 2015/01/29 17:44:17.728
486 2404346 0A001B DAH2014 4272 1.68204 38.64482 34000.0 397.7 328.5 0.0 0 0 0 0 2015/01/29 17:44:06.290
15163 2404341 4CA9EC RYR1422 5426 -0.87017 41.29803 38000.0 478.4 78.1 64.0 0 0 0 0 2015/01/29 17:44:27.728
15084 2404307 344292 VLG2229 3737 1.39026 40.78395 17425.0 391.2 75.6 -896.0 0 0 0 0 2015/01/29 17:44:05.884
15109 2404336 4A082F BMS125 4034 1.33569 39.09373 33000.0 397.6 248.1 64.0 0 0 0 0 2015/01/29 17:44:06.087
294 2404366 342058 6079 6034 -1.22408 39.58406 31975.0 514.5 120.4 64.0 0 0 0 0 2015/01/29 17:44:06.821
16343 2404329 4CAA59 RYR625Y 4025 -0.3801 39.56113 37000.0 423.9 227.4 64.0 0 0 0 0 2015/01/29 17:44:06.821
20235 2404358 3444CB VLG2014 6353 1.04291 40.58775 28475.0 433.6 219.2 1664.0 0 0 0 0 2015/01/29 17:44:09.540
20399 2404339 3964EC TVF2DE 7625 -3.11701 39.37326 39000.0 495.7 192.5 64.0 0 0 0 0 2015/01/29 17:44:06.087
17312 2404368 344449 IBE17SW 6023 -2.38647 41.0168 27800.0 438.3 68.6 2496.0 0 0 0 0 2015/01/29 17:44:07.103
787 2404338 342119 AEA1004 7652 -0.12 40.14546 16250.0 450.9 183.7 -3136.0 0 0 0 0 2015/01/29 17:44:05.728
17314 2404351 3443D1 VLG2268 6334 0.8454 40.4399 29750.0 434.8 228.0 1280.0 0 0 0 0 2015/01/29 17:44:05.728
12149 2404359 4CA8EA 4CA8EA ____ -3.54034 38.86496 38000.0 360.0 6.1 0.0 0 0 0 0 2015/01/29 17:44:51.384
914 2404331 4CA4E6 RYR87PA 1263 -0.47713 38.31766 35000.0 409.9 236.0 64.0 0 0 0 0 2015/01/29 17:44:06.087
21569 2404369 344644 VLG1426 6335 1.68865 41.34332 16425.0 315.6 300.5 2240.0 0 0 0 0 2015/01/29 17:44:37.368
9596 2404360 3C4866 BER907H 3713 -1.06217 38.09024 32000.0 440.6 66.2 128.0 0 0 0 0 2015/01/29 17:44:06.821
2788 2404353 4CA1D2 RYR148W 4033 1.47891 40.87934 37000.0 411.3 227.9 0.0 0 0 0 0 2015/01/29 17:44:06.821
4397 2404361 3C4895 BER7955 6320 -0.62461 39.47095 9700.0 291.6 154.0 3072.0 0 0 0 0 2015/01/29 17:44:06.821
529 2404335 02001C RAM721P 4020 -2.84204 39.48049 36975.0 493.4 211.7 0.0 0 0 0 0 2015/01/29 17:44:05.728
286 2404330 400EFC EZY61RP 4024 -0.78546 39.35477 37050.0 445.3 229.2 64.0 0 0 0 0 2015/01/29 17:44:05.884
2694 2404342 3C6635 DLH1333 1066 -2.65226 40.71366 38000.0 392.5 34.6 0.0 0 0 0 0 2015/01/29 17:44:06.087
05:45:06.24 26
25 2404304 3420CA IBE32VJ 4016 -1.95351 40.22854 23425.0 414.4 303.4 -1024.0 0 0 0 0 2015/01/29 17:44:06.087
8786 2404320 4CA7A7 RYR950W 4030 0.02651 39.63359 37000.0 384.9 275.7 0.0 0 0 0 0 2015/01/29 17:44:08.525
450 2404367 4CA2AA RYR9006 4661 1.79181 41.09354 31325.0 415.7 228.0 192.0 0 0 0 0 2015/01/29 17:44:44.478
6438 2404355 A62B2F GTI852 4040 1.66754 41.25632 36975.0 414.8 261.3 0.0 0 0 0 0 2015/01/29 17:44:08.525
20844 2404323 344548 VLG1309 6331 1.06952 40.72018 20050.0 423.0 76.3 -1600.0 0 0 0 0 2015/01/29 17:44:05.728
1413 2404365 4951CC TAP833 4037 2.44833 41.13942 39050.0 367.5 264.8 -64.0 0 0 0 0 2015/01/29 17:44:17.728
486 2404346 0A001B DAH2014 4272 1.67983 38.64766 34000.0 397.7 328.5 0.0 0 0 0 0 2015/01/29 17:44:06.290
15163 2404341 4CA9EC RYR1422 5426 -0.87017 41.29803 38000.0 478.4 78.1 64.0 0 0 0 0 2015/01/29 17:44:27.728
15084 2404307 344292 VLG2229 3737 1.39026 40.78395 17425.0 391.2 75.6 -896.0 0 0 0 0 2015/01/29 17:44:05.884
15109 2404336 4A082F BMS125 4034 1.33436 39.09338 33000.0 397.6 248.1 64.0 0 0 0 0 2015/01/29 17:44:06.087
294 2404366 342058 6079 6034 -1.22247 39.58332 32000.0 514.5 120.4 0.0 0 0 0 0 2015/01/29 17:44:06.821
16343 2404329 4CAA59 RYR625Y 4025 -0.38196 39.55977 37000.0 423.9 227.4 64.0 0 0 0 0 2015/01/29 17:44:06.821
20235 2404358 3444CB VLG2014 6353 1.03958 40.58457 28525.0 433.6 219.2 1600.0 0 0 0 0 2015/01/29 17:44:09.540
20399 2404339 3964EC TVF2DE 7625 -3.11779 39.37056 39000.0 495.7 192.5 64.0 0 0 0 0 2015/01/29 17:44:06.087
17312 2404368 344449 IBE17SW 6023 -2.38147 41.01823 27875.0 438.3 68.6 2496.0 0 0 0 0 2015/01/29 17:44:07.103
787 2404338 342119 AEA1004 7652 -0.1201 40.14446 16225.0 449.9 183.7 -3008.0 0 0 0 0 2015/01/29 17:44:05.728
17314 2404351 3443D1 VLG2268 6334 0.84381 40.4388 29775.0 434.8 228.0 1280.0 0 0 0 0 2015/01/29 17:44:05.728
12149 2404359 4CA8EA 4CA8EA ____ -3.54034 38.86496 38000.0 360.0 6.1 0.0 0 0 0 0 2015/01/29 17:44:51.384
914 2404331 4CA4E6 RYR87PA 1263 -0.47952 38.3164 35000.0 409.9 236.0 64.0 0 0 0 0 2015/01/29 17:44:06.087
21569 2404369 344644 VLG1426 6335 1.68713 41.34407 16475.0 316.4 300.4 2240.0 0 0 0 0 2015/01/29 17:44:37.368
9596 2404360 3C4866 BER907H 3713 -1.05887 38.09146 32000.0 440.6 66.2 128.0 0 0 0 0 2015/01/29 17:44:06.821
2788 2404353 4CA1D2 RYR148W 4033 1.47891 40.87934 37000.0 411.3 227.9 0.0 0 0 0 0 2015/01/29 17:44:06.821
4397 2404361 3C4895 BER7955 6320 -0.62329 39.46907 9775.0 292.5 152.3 2944.0 0 0 0 0 2015/01/29 17:44:06.821
529 2404335 02001C RAM721P 4020 -2.84204 39.48049 36975.0 493.4 211.7 0.0 0 0 0 0 2015/01/29 17:44:05.728
286 2404330 400EFC EZY61RP 4024 -0.78546 39.35477 37050.0 445.3 229.2 0.0 0 0 0 0 2015/01/29 17:44:05.884
2694 2404342 3C6635 DLH1333 1066 -2.65088 40.71519 38000.0 392.5 34.6 0.0 0 0 0 0 2015/01/29 17:44:06.087
05:45:07.25 26
25 2404304 3420CA IBE32VJ 4016 -1.95544 40.22937 23400.0 414.4 303.4 -1024.0 0 0 0 0 2015/01/29 17:44:06.087
8786 2404320 4CA7A7 RYR950W 4030 0.02287 39.63391 37000.0 384.9 275.7 0.0 0 0 0 0 2015/01/29 17:44:08.525
450 2404367 4CA2AA RYR9006 4661 1.7899 41.09227 31325.0 415.7 228.0 192.0 0 0 0 0 2015/01/29 17:44:44.478
6438 2404355 A62B2F GTI852 4040 1.66754 41.25632 36975.0 414.8 261.3 0.0 0 0 0 0 2015/01/29 17:44:08.525
20844 2404323 344548 VLG1309 6331 1.06952 40.72018 20050.0 423.0 76.3 -1600.0 0 0 0 0 2015/01/29 17:44:05.728
1413 2404365 4951CC TAP833 4037 2.44476 41.13918 39050.0 367.5 264.8 -64.0 0 0 0 0 2015/01/29 17:44:17.728
486 2404346 0A001B DAH2014 4272 1.67983 38.64766 34000.0 397.7 328.5 0.0 0 0 0 0 2015/01/29 17:44:06.290
15163 2404341 4CA9EC RYR1422 5426 -0.87017 41.29803 38000.0 478.4 78.1 64.0 0 0 0 0 2015/01/29 17:44:27.728
15084 2404307 344292 VLG2229 3737 1.39026 40.78395 17425.0 391.2 75.6 -896.0 0 0 0 0 2015/01/29 17:44:05.884
15109 2404336 4A082F BMS125 4034 1.33112 39.09229 33000.0 397.6 248.1 64.0 0 0 0 0 2015/01/29 17:44:06.087
294 2404366 342058 6079 6034 -1.21877 39.58159 32000.0 514.5 120.4 0.0 0 0 0 0 2015/01/29 17:44:06.821
16343 2404329 4CAA59 RYR625Y 4025 -0.3838 39.55838 37000.0 423.9 227.4 64.0 0 0 0 0 2015/01/29 17:44:06.821
20235 2404358 3444CB VLG2014 6353 1.03796 40.58299 28550.0 433.6 219.2 1600.0 0 0 0 0 2015/01/29 17:44:09.540
20399 2404339 3964EC TVF2DE 7625 -3.11841 39.3683 39000.0 495.7 192.5 64.0 0 0 0 0 2015/01/29 17:44:06.087
17312 2404368 344449 IBE17SW 6023 -2.38147 41.01823 27875.0 438.3 68.6 2496.0 0 0 0 0 2015/01/29 17:44:07.103
787 2404338 342119 AEA1004 7652 -0.12035 40.14111 16125.0 449.0 183.8 -2944.0 0 0 0 0 2015/01/29 17:44:05.728
17314 2404351 3443D1 VLG2268 6334 0.84382 40.43877 29800.0 434.8 228.0 1280.0 0 0 0 0 2015/01/29 17:44:05.728
12149 2404359 4CA8EA 4CA8EA ____ -3.54034 38.86496 38000.0 360.0 6.1 0.0 0 0 0 0 2015/01/29 17:44:51.384
914 2404331 4CA4E6 RYR87PA 1263 -0.48147 38.31532 35000.0 409.9 236.0 64.0 0 0 0 0 2015/01/29 17:44:06.087
21569 2404369 344644 VLG1426 6335 1.68713 41.34407 16475.0 316.4 300.4 2240.0 0 0 0 0 2015/01/29 17:44:37.368
9596 2404360 3C4866 BER907H 3713 -1.05556 38.09267 32000.0 440.6 66.2 128.0 0 0 0 0 2015/01/29 17:44:06.821
2788 2404353 4CA1D2 RYR148W 4033 1.47448 40.87626 37000.0 411.3 227.9 0.0 0 0 0 0 2015/01/29 17:44:06.821
4397 2404361 3C4895 BER7955 6320 -0.62294 39.46857 9800.0 292.4 150.7 2752.0 0 0 0 0 2015/01/29 17:44:06.821
529 2404335 02001C RAM721P 4020 -2.84204 39.48049 36975.0 493.4 211.7 0.0 0 0 0 0 2015/01/29 17:44:05.728
286 2404330 400EFC EZY61RP 4024 -0.78839 39.35271 37050.0 445.3 229.2 0.0 0 0 0 0 2015/01/29 17:44:05.884
2694 2404342 3C6635 DLH1333 1066 -2.64952 40.71673 38000.0 392.5 34.6 0.0 0 0 0 0 2015/01/29 17:44:06.087
05:45:08.30 27
25 2404304 3420CA IBE32VJ 4016 -1.95756 40.23063 23400.0 414.4 303.4 -1024.0 0 0 0 0 2015/01/29 17:44:06.087
8786 2404320 4CA7A7 RYR950W 4030 0.02102 39.63405 37000.0 384.9 275.7 0.0 0 0 0 0 2015/01/29 17:44:08.525
450 2404367 4CA2AA RYR9006 4661 1.78802 41.09097 31325.0 411.8 228.8 256.0 0 0 0 0 2015/01/29 17:44:44.478
6438 2404355 A62B2F GTI852 4040 1.66754 41.25632 36975.0 414.8 261.3 0.0 0 0 0 0 2015/01/29 17:44:08.525
20844 2404323 344548 VLG1309 6331 1.06952 40.72018 20050.0 423.0 76.3 -1600.0 0 0 0 0 2015/01/29 17:44:05.728
1413 2404365 4951CC TAP833 4037 2.44476 41.13918 39050.0 367.5 264.8 -64.0 0 0 0 0 2015/01/29 17:44:17.728
486 2404346 0A001B DAH2014 4272 1.67983 38.64766 34000.0 397.7 328.5 0.0 0 0 0 0 2015/01/29 17:44:06.290
15163 2404341 4CA9EC RYR1422 5426 -0.87017 41.29803 38000.0 478.4 78.1 64.0 0 0 0 0 2015/01/29 17:44:27.728
15084 2404307 344292 VLG2229 3737 1.39026 40.78395 17425.0 391.2 75.6 -896.0 0 0 0 0 2015/01/29 17:44:05.884
15109 2404336 4A082F BMS125 4034 1.33014 39.09201 33000.0 397.6 248.1 64.0 0 0 0 0 2015/01/29 17:44:06.087
294 2404366 342058 6079 6034 -1.21613 39.58034 32000.0 514.5 120.4 64.0 0 0 0 0 2015/01/29 17:44:06.821
16343 2404329 4CAA59 RYR625Y 4025 -0.38568 39.55702 37000.0 423.9 227.4 64.0 0 0 0 0 2015/01/29 17:44:06.821
20235 2404358 3444CB VLG2014 6353 1.03627 40.5814 28575.0 433.6 219.2 1536.0 0 0 0 0 2015/01/29 17:44:09.540
17490 2404362 3C674F 3C674F ____ -2.15833 41.26579 28175.0 435.3 34.9 1024.0 0 0 0 0 2015/01/29 17:45:05.400
20399 2404339 3964EC TVF2DE 7625 -3.11904 39.36603 39000.0 495.7 192.5 64.0 0 0 0 0 2015/01/29 17:44:06.087
17312 2404368 344449 IBE17SW 6023 -2.37646 41.01965 27975.0 438.3 68.6 2496.0 0 0 0 0 2015/01/29 17:44:07.103
787 2404338 342119 AEA1004 7652 -0.12048 40.14011 16100.0 449.0 183.8 -2944.0 0 0 0 0 2015/01/29 17:44:05.728
17314 2404351 3443D1 VLG2268 6334 0.84149 40.4371 29825.0 434.8 228.0 1280.0 0 0 0 0 2015/01/29 17:44:05.728
12149 2404359 4CA8EA 4CA8EA ____ -3.54034 38.86496 38000.0 360.0 6.1 0.0 0 0 0 0 2015/01/29 17:44:51.384
914 2404331 4CA4E6 RYR87PA 1263 -0.48346 38.31426 35000.0 409.9 236.0 64.0 0 0 0 0 2015/01/29 17:44:06.087
21569 2404369 344644 VLG1426 6335 1.68453 41.34528 16525.0 316.4 300.4 2240.0 0 0 0 0 2015/01/29 17:44:37.368
9596 2404360 3C4866 BER907H 3713 -1.05463 38.09299 32000.0 440.6 66.2 128.0 0 0 0 0 2015/01/29 17:44:06.821
2788 2404353 4CA1D2 RYR148W 4033 1.47333 40.8755 37000.0 411.3 227.9 0.0 0 0 0 0 2015/01/29 17:44:06.821
4397 2404361 3C4895 BER7955 6320 -0.62207 39.46741 9825.0 286.9 148.2 2560.0 0 0 0 0 2015/01/29 17:44:06.821
529 2404335 02001C RAM721P 4020 -2.84838 39.47255 36975.0 493.4 211.7 0.0 0 0 0 0 2015/01/29 17:44:05.728
286 2404330 400EFC EZY61RP 4024 -0.79059 39.35121 37050.0 445.3 229.2 0.0 0 0 0 0 2015/01/29 17:44:05.884
2694 2404342 3C6635 DLH1333 1066 -2.64814 40.71826 38000.0 392.5 34.6 0.0 0 0 0 0 2015/01/29 17:44:06.087
05:45:09.31 27
25 2404304 3420CA IBE32VJ 4016 -1.95959 40.23161 23375.0 414.4 303.4 -1024.0 0 0 0 0 2015/01/29 17:44:06.087
8786 2404320 4CA7A7 RYR950W 4030 0.01874 39.6342 37000.0 384.9 275.7 0.0 0 0 0 0 2015/01/29 17:44:08.525
450 2404367 4CA2AA RYR9006 4661 1.78802 41.09097 31325.0 411.8 228.8 256.0 0 0 0 0 2015/01/29 17:44:44.478
6438 2404355 A62B2F GTI852 4040 1.66754 41.25632 36975.0 414.8 261.3 0.0 0 0 0 0 2015/01/29 17:44:08.525
20844 2404323 344548 VLG1309 6331 1.06952 40.72018 20050.0 423.0 76.3 -1600.0 0 0 0 0 2015/01/29 17:44:05.728
1413 2404365 4951CC TAP833 4037 2.44476 41.13918 39050.0 367.5 264.8 -64.0 0 0 0 0 2015/01/29 17:44:17.728
486 2404346 0A001B DAH2014 4272 1.67983 38.64766 34000.0 397.7 328.5 0.0 0 0 0 0 2015/01/29 17:44:06.290
15163 2404341 4CA9EC RYR1422 5426 -0.87017 41.29803 38000.0 478.4 78.1 64.0 0 0 0 0 2015/01/29 17:44:27.728
15084 2404307 344292 VLG2229 3737 1.39026 40.78395 17425.0 391.2 75.6 -896.0 0 0 0 0 2015/01/29 17:44:05.884
15109 2404336 4A082F BMS125 4034 1.32791 39.09132 33000.0 397.6 248.1 64.0 0 0 0 0 2015/01/29 17:44:06.087
294 2404366 342058 6079 6034 -1.21399 39.57936 32000.0 514.5 120.4 0.0 0 0 0 0 2015/01/29 17:44:06.821
16343 2404329 4CAA59 RYR625Y 4025 -0.38757 39.55568 37000.0 423.9 227.4 64.0 0 0 0 0 2015/01/29 17:44:06.821
20235 2404358 3444CB VLG2014 6353 1.03627 40.5814 28575.0 434.2 219.3 1536.0 0 0 0 0 2015/01/29 17:44:09.540
17490 2404362 3C674F 3C674F ____ -2.15833 41.26579 28175.0 435.3 34.9 1024.0 0 0 0 0 2015/01/29 17:45:05.400
20399 2404339 3964EC TVF2DE 7625 -3.11958 39.3642 39000.0 495.7 192.5 64.0 0 0 0 0 2015/01/29 17:44:06.087
17312 2404368 344449 IBE17SW 6023 -2.37646 41.01965 27975.0 435.2 70.4 2624.0 0 0 0 0 2015/01/29 17:44:07.103
787 2404338 342119 AEA1004 7652 -0.12067 40.138 16050.0 449.0 183.8 -2944.0 0 0 0 0 2015/01/29 17:44:05.728
17314 2404351 3443D1 VLG2268 6334 0.8399 40.436 29825.0 434.8 228.0 1280.0 0 0 0 0 2015/01/29 17:44:05.728
12149 2404359 4CA8EA 4CA8EA ____ -3.54034 38.86496 38000.0 360.0 6.1 0.0 0 0 0 0 2015/01/29 17:44:51.384
914 2404331 4CA4E6 RYR87PA 1263 -0.48468 38.31363 35000.0 409.1 236.0 0.0 0 0 0 0 2015/01/29 17:44:06.087
21569 2404369 344644 VLG1426 6335 1.68453 41.34528 16525.0 317.8 300.4 2240.0 0 0 0 0 2015/01/29 17:44:37.368
9596 2404360 3C4866 BER907H 3713 -1.05128 38.09421 32000.0 440.6 66.2 128.0 0 0 0 0 2015/01/29 17:44:06.821
2788 2404353 4CA1D2 RYR148W 4033 1.47186 40.8745 37000.0 411.3 227.9 0.0 0 0 0 0 2015/01/29 17:44:06.821
4397 2404361 3C4895 BER7955 6320 -0.62109 39.46628 9875.0 288.2 146.8 2432.0 0 0 0 0 2015/01/29 17:44:06.821
529 2404335 02001C RAM721P 4020 -2.84976 39.47076 36975.0 493.4 211.7 0.0 0 0 0 0 2015/01/29 17:44:05.728
286 2404330 400EFC EZY61RP 4024 -0.79315 39.34944 37050.0 445.3 229.2 0.0 0 0 0 0 2015/01/29 17:44:05.884
2694 2404342 3C6635 DLH1333 1066 -2.64819 40.71826 38000.0 392.5 34.6 0.0 0 0 0 0 2015/01/29 17:44:06.087
05:45:10.31 27
25 2404304 3420CA IBE32VJ 4016 -1.96137 40.23263 23350.0 413.5 303.5 -960.0 0 0 0 0 2015/01/29 17:44:06.087
8786 2404320 4CA7A7 RYR950W 4030 0.01642 39.63437 37000.0 384.9 275.7 0.0 0 0 0 0 2015/01/29 17:44:08.525
450 2404367 4CA2AA RYR9006 4661 1.78459 41.08863 31350.0 413.2 228.8 320.0 0 0 0 0 2015/01/29 17:44:44.478
6438 2404355 A62B2F GTI852 4040 1.66754 41.25632 36975.0 416.0 261.1 0.0 0 0 0 0 2015/01/29 17:44:08.525
20844 2404323 344548 VLG1309 6331 1.06952 40.72018 20050.0 423.0 76.3 -1600.0 0 0 0 0 2015/01/29 17:44:05.728
1413 2404365 4951CC TAP833 4037 2.44476 41.13918 39050.0 367.5 264.8 -64.0 0 0 0 0 2015/01/29 17:44:17.728
486 2404346 0A001B DAH2014 4272 1.67983 38.64766 34000.0 397.7 328.5 0.0 0 0 0 0 2015/01/29 17:44:06.290
15163 2404341 4CA9EC RYR1422 5426 -0.87017 41.29803 38000.0 478.4 78.1 64.0 0 0 0 0 2015/01/29 17:44:27.728
15084 2404307 344292 VLG2229 3737 1.39026 40.78395 17425.0 391.2 75.6 -896.0 0 0 0 0 2015/01/29 17:44:05.884
15109 2404336 4A082F BMS125 4034 1.32544 39.09057 33000.0 397.6 248.1 0.0 0 0 0 0 2015/01/29 17:44:06.087
294 2404366 342058 6079 6034 -1.21029 39.57765 32000.0 513.7 120.4 0.0 0 0 0 0 2015/01/29 17:44:06.821
16343 2404329 4CAA59 RYR625Y 4025 -0.3894 39.55432 37000.0 423.9 227.4 64.0 0 0 0 0 2015/01/29 17:44:06.821
20235 2404358 3444CB VLG2014 6353 1.03296 40.57819 28600.0 435.0 219.2 1536.0 0 0 0 0 2015/01/29 17:44:09.540
17490 2404362 3C674F DLH61A ____ -2.15526 41.26902 28225.0 435.3 34.9 1024.0 0 0 0 0 2015/01/29 17:45:05.400
20399 2404339 3964EC TVF2DE 7625 -3.12018 39.36192 39000.0 495.7 192.5 64.0 0 0 0 0 2015/01/29 17:44:06.087
17312 2404368 344449 IBE17SW 6023 -2.37646 41.01965 27975.0 434.6 70.6 2624.0 0 0 0 0 2015/01/29 17:44:07.103
787 2404338 342119 AEA1004 7652 -0.12085 40.13576 16000.0 448.0 183.8 -2880.0 0 0 0 0 2015/01/29 17:44:05.728
17314 2404351 3443D1 VLG2268 6334 0.83877 40.43518 29850.0 435.5 228.1 1216.0 0 0 0 0 2015/01/29 17:44:05.728
12149 2404359 4CA8EA 4CA8EA ____ -3.54034 38.86496 38000.0 360.0 6.1 0.0 0 0 0 0 2015/01/29 17:44:51.384
914 2404331 4CA4E6 RYR87PA 1263 -0.48591 38.313 35000.0 409.1 236.0 0.0 0 0 0 0 2015/01/29 17:44:06.087
21569 2404369 344644 VLG1426 6335 1.68182 41.3465 16575.0 317.8 300.4 2240.0 0 0 0 0 2015/01/29 17:44:37.368
9596 2404360 3C4866 BER907H 3713 -1.04896 38.09505 32000.0 440.6 66.2 128.0 0 0 0 0 2015/01/29 17:44:06.821
2788 2404353 4CA1D2 RYR148W 4033 1.4696 40.87294 37000.0 411.3 227.9 0.0 0 0 0 0 2015/01/29 17:44:06.821
4397 2404361 3C4895 BER7955 6320 -0.62012 39.46513 9900.0 295.9 145.9 2304.0 0 0 0 0 2015/01/29 17:44:06.821
529 2404335 02001C RAM721P 4020 -2.84976 39.47076 36975.0 493.4 211.7 0.0 0 0 0 0 2015/01/29 17:44:05.728
286 2404330 400EFC EZY61RP 4024 -0.79484 39.34827 37050.0 445.3 229.2 0.0 0 0 0 0 2015/01/29 17:44:05.884
2694 2404342 3C6635 DLH1333 1066 -2.64545 40.72133 38000.0 392.5 34.6 0.0 0 0 0 0 2015/01/29 17:44:06.087
05:45:11.34 27
25 2404304 3420CA IBE32VJ 4016 -1.96137 40.23263 23350.0 413.5 303.5 -960.0 0 0 0 0 2015/01/29 17:44:06.087
8786 2404320 4CA7A7 RYR950W 4030 0.01416 39.63458 37000.0 384.9 275.7 0.0 0 0 0 0 2015/01/29 17:44:08.525
450 2404367 4CA2AA RYR9006 4661 1.78265 41.08736 31350.0 413.2 228.8 320.0 0 0 0 0 2015/01/29 17:44:44.478
6438 2404355 A62B2F GTI852 4040 1.66754 41.25632 36975.0 416.0 261.1 0.0 0 0 0 0 2015/01/29 17:44:08.525
20844 2404323 344548 VLG1309 6331 1.06952 40.72018 20050.0 423.0 76.3 -1600.0 0 0 0 0 2015/01/29 17:44:05.728
1413 2404365 4951CC TAP833 4037 2.43559 41.13854 39025.0 367.5 264.8 -64.0 0 0 0 0 2015/01/29 17:44:17.728
486 2404346 0A001B DAH2014 4272 1.67983 38.64766 34000.0 397.7 328.5 0.0 0 0 0 0 2015/01/29 17:44:06.290
15163 2404341 4CA9EC RYR1422 5426 -0.87017 41.29803 38000.0 478.4 78.1 64.0 0 0 0 0 2015/01/29 17:44:27.728
15084 2404307 344292 VLG2229 3737 1.39026 40.78395 17425.0 391.2 75.6 -896.0 0 0 0 0 2015/01/29 17:44:05.884
15109 2404336 4A082F BMS125 4034 1.32343 39.08996 33000.0 397.6 248.1 0.0 0 0 0 0 2015/01/29 17:44:06.087
294 2404366 342058 6079 6034 -1.20764 39.57638 32000.0 513.7 120.4 -64.0 0 0 0 0 2015/01/29 17:44:06.821
16343 2404329 4CAA59 RYR625Y 4025 -0.3924 39.55213 37000.0 423.9 227.4 64.0 0 0 0 0 2015/01/29 17:44:06.821
20235 2404358 3444CB VLG2014 6353 1.03128 40.57661 28625.0 435.0 219.2 1536.0 0 0 0 0 2015/01/29 17:44:09.540
17490 2404362 3C674F DLH61A ____ -2.15381 41.27065 28225.0 435.3 34.9 1024.0 0 0 0 0 2015/01/29 17:45:05.400
20399 2404339 3964EC TVF2DE 7625 -3.12048 39.36099 39000.0 495.7 192.5 64.0 0 0 0 0 2015/01/29 17:44:06.087
17312 2404368 344449 IBE17SW 6023 -2.37042 41.02135 28100.0 435.2 70.8 2624.0 0 0 0 0 2015/01/29 17:44:07.103
787 2404338 342119 AEA1004 7652 -0.12103 40.13347 15950.0 447.9 183.7 -2816.0 0 0 0 0 2015/01/29 17:44:05.728
17314 2404351 3443D1 VLG2268 6334 0.83559 40.43295 29875.0 435.5 228.1 1216.0 0 0 0 0 2015/01/29 17:44:05.728
12149 2404359 4CA8EA 4CA8EA ____ -3.54034 38.86496 38000.0 360.0 6.1 0.0 0 0 0 0 2015/01/29 17:44:51.384
914 2404331 4CA4E6 RYR87PA 1263 -0.48948 38.31111 35000.0 409.1 236.0 64.0 0 0 0 0 2015/01/29 17:44:06.087
21569 2404369 344644 VLG1426 6335 1.67865 41.34801 16650.0 317.8 300.4 2240.0 0 0 0 0 2015/01/29 17:44:37.368
9596 2404360 3C4866 BER907H 3713 -1.04657 38.09593 32000.0 440.6 66.2 128.0 0 0 0 0 2015/01/29 17:44:06.821
2788 2404353 4CA1D2 RYR148W 4033 1.46741 40.87143 37000.0 411.3 227.9 0.0 0 0 0 0 2015/01/29 17:44:06.821
4397 2404361 3C4895 BER7955 6320 -0.61906 39.46404 9925.0 296.7 144.3 2176.0 0 0 0 0 2015/01/29 17:44:06.821
529 2404335 02001C RAM721P 4020 -2.84976 39.47076 36975.0 493.4 211.7 0.0 0 0 0 0 2015/01/29 17:44:05.728
286 2404330 400EFC EZY61RP 4024 -0.79448 39.3485 37050.0 445.3 229.2 0.0 0 0 0 0 2015/01/29 17:44:05.884
2694 2404342 3C6635 DLH1333 1066 -2.64408 40.72283 38000.0 392.5 34.6 0.0 0 0 0 0 2015/01/29 17:44:06.087
05:45:12.38 27
25 2404304 3420CA IBE32VJ 4016 -1.96749 40.23547 23325.0 413.5 303.5 -960.0 0 0 0 0 2015/01/29 17:44:06.087
8786 2404320 4CA7A7 RYR950W 4030 0.01093 39.63483 37000.0 384.9 275.7 0.0 0 0 0 0 2015/01/29 17:44:08.525
450 2404367 4CA2AA RYR9006 4661 1.78078 41.08607 31350.0 414.6 228.8 320.0 0 0 0 0 2015/01/29 17:44:44.478
6438 2404355 A62B2F GTI852 4040 1.66754 41.25632 36975.0 416.0 261.1 0.0 0 0 0 0 2015/01/29 17:44:08.525
20844 2404323 344548 VLG1309 6331 1.06952 40.72018 20050.0 423.0 76.3 -1600.0 0 0 0 0 2015/01/29 17:44:05.728
1413 2404365 4951CC TAP833 4037 2.43311 41.13835 39025.0 367.5 264.8 -64.0 0 0 0 0 2015/01/29 17:44:17.728
486 2404346 0A001B DAH2014 4272 1.67983 38.64766 34000.0 397.7 328.5 0.0 0 0 0 0 2015/01/29 17:44:06.290
15163 2404341 4CA9EC RYR1422 5426 -0.87017 41.29803 38000.0 478.4 78.1 64.0 0 0 0 0 2015/01/29 17:44:27.728
15084 2404307 344292 VLG2229 3737 1.39026 40.78395 17425.0 391.2 75.6 -896.0 0 0 0 0 2015/01/29 17:44:05.884
15109 2404336 4A082F BMS125 4034 1.32129 39.08926 33000.0 397.6 248.1 0.0 0 0 0 0 2015/01/29 17:44:06.087
294 2404366 342058 6079 6034 -1.2066 39.57587 32000.0 514.2 120.5 -128.0 0 0 0 0 2015/01/29 17:44:06.821
16343 2404329 4CAA59 RYR625Y 4025 -0.39313 39.55157 37000.0 423.9 227.4 64.0 0 0 0 0 2015/01/29 17:44:06.821
20235 2404358 3444CB VLG2014 6353 1.02928 40.5747 28650.0 435.0 219.2 1536.0 0 0 0 0 2015/01/29 17:44:09.540
17490 2404362 3C674F DLH61A 1017 -2.15356 41.27083 28250.0 435.3 34.9 1024.0 0 0 0 0 2015/01/29 17:45:05.400
20399 2404339 3964EC TVF2DE 7625 -3.12146 39.35736 39000.0 495.7 192.5 64.0 0 0 0 0 2015/01/29 17:44:06.087
17312 2404368 344449 IBE17SW 6023 -2.36841 41.0219 28150.0 437.2 70.1 2624.0 0 0 0 0 2015/01/29 17:44:07.103
787 2404338 342119 AEA1004 7652 -0.12116 40.13161 15925.0 439.0 183.8 -2688.0 0 0 0 0 2015/01/29 17:44:05.728
17314 2404351 3443D1 VLG2268 6334 0.83441 40.43211 29875.0 435.5 228.1 1152.0 0 0 0 0 2015/01/29 17:44:05.728
12149 2404359 4CA8EA 4CA8EA ____ -3.54034 38.86496 38000.0 360.0 6.1 0.0 0 0 0 0 2015/01/29 17:44:51.384
914 2404331 4CA4E6 RYR87PA 1263 -0.49024 38.3107 35000.0 409.1 236.0 64.0 0 0 0 0 2015/01/29 17:44:06.087
21569 2404369 344644 VLG1426 6335 1.67706 41.34869 16675.0 317.8 300.4 2240.0 0 0 0 0 2015/01/29 17:44:37.368
9596 2404360 3C4866 BER907H 3713 -1.04516 38.09647 32000.0 440.6 66.2 128.0 0 0 0 0 2015/01/29 17:44:06.821
2788 2404353 4CA1D2 RYR148W 4033 1.46515 40.86987 37000.0 411.3 227.9 0.0 0 0 0 0 2015/01/29 17:44:06.821
4397 2404361 3C4895 BER7955 6320 -0.61798 39.46294 9975.0 291.9 141.7 2048.0 0 0 0 0 2015/01/29 17:44:06.821
529 2404335 02001C RAM721P 4020 -2.84976 39.47076 36975.0 493.4 211.7 -64.0 0 0 0 0 2015/01/29 17:44:05.728
286 2404330 400EFC EZY61RP 4024 -0.79908 39.34534 37050.0 445.3 229.2 0.0 0 0 0 0 2015/01/29 17:44:05.884
2694 2404342 3C6635 DLH1333 1066 -2.64276 40.7244 38000.0 392.5 34.6 0.0 0 0 0 0 2015/01/29 17:44:06.087
05:45:13.42 27
25 2404304 3420CA IBE32VJ 4016 -1.96948 40.2366 23300.0 413.0 303.3 -960.0 0 0 0 0 2015/01/29 17:44:06.087
8786 2404320 4CA7A7 RYR950W 4030 0.00861 39.63499 37000.0 384.9 275.7 0.0 0 0 0 0 2015/01/29 17:44:08.525
450 2404367 4CA2AA RYR9006 4661 1.77814 41.08424 31350.0 414.6 228.8 320.0 0 0 0 0 2015/01/29 17:44:44.478
6438 2404355 A62B2F GTI852 4040 1.66754 41.25632 36975.0 416.0 261.1 0.0 0 0 0 0 2015/01/29 17:44:08.525
20844 2404323 344548 VLG1309 6331 1.06952 40.72018 20050.0 423.0 76.3 -1600.0 0 0 0 0 2015/01/29 17:44:05.728
1413 2404365 4951CC TAP833 4037 2.43201 41.13826 39025.0 367.5 264.8 -64.0 0 0 0 0 2015/01/29 17:44:17.728
486 2404346 0A001B DAH2014 4272 1.67059 38.6594 33975.0 397.7 328.5 0.0 0 0 0 0 2015/01/29 17:44:06.290
15163 2404341 4CA9EC RYR1422 5426 -0.87017 41.29803 38000.0 478.4 78.1 64.0 0 0 0 0 2015/01/29 17:44:27.728
15084 2404307 344292 VLG2229 3737 1.39026 40.78395 17425.0 391.2 75.6 -896.0 0 0 0 0 2015/01/29 17:44:05.884
15109 2404336 4A082F BMS125 4034 1.31885 39.08852 33000.0 397.6 248.1 0.0 0 0 0 0 2015/01/29 17:44:06.087
294 2404366 342058 6079 6034 -1.20288 39.57417 32000.0 514.2 120.5 -64.0 0 0 0 0 2015/01/29 17:44:06.821
16343 2404329 4CAA59 RYR625Y 4025 -0.39575 39.54968 37000.0 428.7 226.7 64.0 0 0 0 0 2015/01/29 17:44:06.821
20235 2404358 3444CB VLG2014 6353 1.02791 40.57339 28675.0 435.0 219.2 1536.0 0 0 0 0 2015/01/29 17:44:09.540
17490 2404362 3C674F DLH61A 1017 -2.15302 41.27165 28275.0 435.3 34.9 1024.0 0 0 0 0 2015/01/29 17:45:05.400
20399 2404339 3964EC TVF2DE 7625 -3.12185 39.356 39000.0 495.7 192.5 64.0 0 0 0 0 2015/01/29 17:44:06.087
17312 2404368 344449 IBE17SW 6023 -2.36542 41.02272 28200.0 437.2 70.1 2624.0 0 0 0 0 2015/01/29 17:44:07.103
787 2404338 342119 AEA1004 7652 -0.12135 40.12952 15875.0 439.0 183.8 -2560.0 0 0 0 0 2015/01/29 17:44:05.728
17314 2404351 3443D1 VLG2268 6334 0.83328 40.43132 29900.0 436.2 228.0 1088.0 0 0 0 0 2015/01/29 17:44:05.728
12149 2404359 4CA8EA 4CA8EA ____ -3.54034 38.86496 38000.0 360.0 6.1 0.0 0 0 0 0 2015/01/29 17:44:51.384
914 2404331 4CA4E6 RYR87PA 1263 -0.49307 38.30919 35000.0 409.1 236.0 64.0 0 0 0 0 2015/01/29 17:44:06.087
21569 2404369 344644 VLG1426 6335 1.67535 41.34952 16725.0 318.7 300.3 2240.0 0 0 0 0 2015/01/29 17:44:37.368
9596 2404360 3C4866 BER907H 3713 -1.04185 38.09765 32000.0 440.6 66.2 64.0 0 0 0 0 2015/01/29 17:44:06.821
2788 2404353 4CA1D2 RYR148W 4033 1.4633 40.86858 37000.0 412.0 227.8 0.0 0 0 0 0 2015/01/29 17:44:06.821
4397 2404361 3C4895 BER7955 6320 -0.61685 39.46184 10000.0 292.4 140.0 1920.0 0 0 0 0 2015/01/29 17:44:06.821
529 2404335 02001C RAM721P 4020 -2.85639 39.46243 36975.0 493.4 211.7 -64.0 0 0 0 0 2015/01/29 17:44:05.728
286 2404330 400EFC EZY61RP 4024 -0.80084 39.34414 37050.0 445.3 229.2 0.0 0 0 0 0 2015/01/29 17:44:05.884
2694 2404342 3C6635 DLH1333 1066 -2.64136 40.72591 38000.0 392.5 34.6 0.0 0 0 0 0 2015/01/29 17:44:06.087
05:45:14.43 27
25 2404304 3420CA IBE32VJ 4016 -1.97174 40.23779 23275.0 413.0 303.3 -960.0 0 0 0 0 2015/01/29 17:44:06.087
8786 2404320 4CA7A7 RYR950W 4030 0.00633 39.63515 37000.0 384.9 275.7 0.0 0 0 0 0 2015/01/29 17:44:08.525
450 2404367 4CA2AA RYR9006 4661 1.77616 41.08296 31375.0 415.2 228.7 320.0 0 0 0 0 2015/01/29 17:44:44.478
6438 2404355 A62B2F GTI852 4040 1.66754 41.25632 36975.0 416.0 261.1 0.0 0 0 0 0 2015/01/29 17:44:08.525
20844 2404323 344548 VLG1309 6331 1.06952 40.72018 20050.0 423.0 76.3 -1600.0 0 0 0 0 2015/01/29 17:44:05.728
1413 2404365 4951CC TAP833 4037 2.43201 41.13826 39025.0 367.5 264.8 -64.0 0 0 0 0 2015/01/29 17:44:17.728
486 2404346 0A001B DAH2014 4272 1.67059 38.6594 33975.0 397.7 328.5 0.0 0 0 0 0 2015/01/29 17:44:06.290
15163 2404341 4CA9EC RYR1422 5426 -0.87017 41.29803 38000.0 478.4 78.1 64.0 0 0 0 0 2015/01/29 17:44:27.728
15084 2404307 344292 VLG2229 3737 1.39026 40.78395 17425.0 391.2 75.6 -896.0 0 0 0 0 2015/01/29 17:44:05.884
15109 2404336 4A082F BMS125 4034 1.31675 39.08784 33000.0 397.6 248.1 0.0 0 0 0 0 2015/01/29 17:44:06.087
294 2404366 342058 6079 6034 -1.19972 39.57266 32000.0 514.2 120.5 -64.0 0 0 0 0 2015/01/29 17:44:06.821
16343 2404329 4CAA59 RYR625Y 4025 -0.39758 39.54831 37000.0 428.0 226.6 64.0 0 0 0 0 2015/01/29 17:44:06.821
20235 2404358 3444CB VLG2014 6353 1.02625 40.57182 28725.0 435.0 219.2 1536.0 0 0 0 0 2015/01/29 17:44:09.540
17490 2404362 3C674F DLH61A 1017 -2.15094 41.27394 28275.0 435.3 34.9 1152.0 0 0 0 0 2015/01/29 17:45:05.400
20399 2404339 3964EC TVF2DE 7625 -3.12274 39.35279 39000.0 495.7 192.5 0.0 0 0 0 0 2015/01/29 17:44:06.087
17312 2404368 344449 IBE17SW 6023 -2.36237 41.0235 28225.0 437.1 70.5 2560.0 0 0 0 0 2015/01/29 17:44:07.103
787 2404338 342119 AEA1004 7652 -0.12154 40.12747 15825.0 438.0 183.8 -2432.0 0 0 0 0 2015/01/29 17:44:05.728
17314 2404351 3443D1 VLG2268 6334 0.83014 40.42909 29925.0 436.2 228.0 1024.0 0 0 0 0 2015/01/29 17:44:05.728
12149 2404359 4CA8EA 4CA8EA ____ -3.54034 38.86496 38000.0 360.0 6.1 0.0 0 0 0 0 2015/01/29 17:44:51.384
914 2404331 4CA4E6 RYR87PA 1263 -0.49503 38.30814 35000.0 409.1 236.0 64.0 0 0 0 0 2015/01/29 17:44:06.087
21569 2404369 344644 VLG1426 6335 1.67354 41.35035 16775.0 318.7 300.3 2240.0 0 0 0 0 2015/01/29 17:44:37.368
9596 2404360 3C4866 BER907H 3713 -1.03949 38.09853 32000.0 440.6 66.2 64.0 0 0 0 0 2015/01/29 17:44:06.821
2788 2404353 4CA1D2 RYR148W 4033 1.46106 40.86705 37000.0 412.0 227.8 0.0 0 0 0 0 2015/01/29 17:44:06.821
4397 2404361 3C4895 BER7955 6320 -0.61566 39.4608 10025.0 300.7 139.3 1728.0 0 0 0 0 2015/01/29 17:44:06.821
529 2404335 02001C RAM721P 4020 -2.85639 39.46243 36975.0 493.4 211.7 0.0 0 0 0 0 2015/01/29 17:44:05.728
286 2404330 400EFC EZY61RP 4024 -0.80255 39.34297 37050.0 445.3 229.2 0.0 0 0 0 0 2015/01/29 17:44:05.884
2694 2404342 3C6635 DLH1333 1066 -2.64001 40.72742 38000.0 392.5 34.6 0.0 0 0 0 0 2015/01/29 17:44:06.087
05:45:15.44 27
25 2404304 3420CA IBE32VJ 4016 -1.97367 40.23882 23275.0 413.0 303.3 -960.0 0 0 0 0 2015/01/29 17:44:06.087
8786 2404320 4CA7A7 RYR950W 4030 0.00403 39.63532 37000.0 384.9 275.7 0.0 0 0 0 0 2015/01/29 17:44:08.525
450 2404367 4CA2AA RYR9006 4661 1.77429 41.08163 31375.0 416.0 228.8 448.0 0 0 0 0 2015/01/29 17:44:44.478
6438 2404355 A62B2F GTI852 4040 1.66754 41.25632 36975.0 416.0 261.1 0.0 0 0 0 0 2015/01/29 17:44:08.525
20844 2404323 344548 VLG1309 6331 1.06952 40.72018 20050.0 423.0 76.3 -1600.0 0 0 0 0 2015/01/29 17:44:05.728
1413 2404365 4951CC TAP833 4037 2.43201 41.13826 39025.0 367.5 264.8 -64.0 0 0 0 0 2015/01/29 17:44:17.728
486 2404346 0A001B DAH2014 4272 1.66831 38.6624 33975.0 397.7 328.5 0.0 0 0 0 0 2015/01/29 17:44:06.290
15163 2404341 4CA9EC RYR1422 5426 -0.87017 41.29803 38000.0 478.4 78.1 64.0 0 0 0 0 2015/01/29 17:44:27.728
15084 2404307 344292 VLG2229 3737 1.39026 40.78395 17425.0 391.2 75.6 -896.0 0 0 0 0 2015/01/29 17:44:05.884
15109 2404336 4A082F BMS125 4034 1.31424 39.08711 33000.0 397.6 248.1 -64.0 0 0 0 0 2015/01/29 17:44:06.087
294 2404366 342058 6079 6034 -1.19708 39.5714 31975.0 514.2 120.5 -64.0 0 0 0 0 2015/01/29 17:44:06.821
16343 2404329 4CAA59 RYR625Y 4025 -0.39945 39.54694 37000.0 428.0 226.6 64.0 0 0 0 0 2015/01/29 17:44:06.821
20235 2404358 3444CB VLG2014 6353 1.02393 40.56958 28750.0 435.0 219.2 1600.0 0 0 0 0 2015/01/29 17:44:09.540
17490 2404362 3C674F DLH61A 1017 -2.14826 41.27671 28325.0 435.3 34.9 1152.0 0 0 0 0 2015/01/29 17:45:05.400
20399 2404339 3964EC TVF2DE 7625 -3.1234 39.35056 39000.0 495.7 192.5 0.0 0 0 0 0 2015/01/29 17:44:06.087
17312 2404368 344449 IBE17SW 6023 -2.35988 41.02416 28275.0 436.8 70.6 2496.0 0 0 0 0 2015/01/29 17:44:07.103
787 2404338 342119 AEA1004 7652 -0.12164 40.12646 15825.0 438.0 183.8 -2432.0 0 0 0 0 2015/01/29 17:44:05.728
17314 2404351 3443D1 VLG2268 6334 0.82697 40.42685 29950.0 436.2 228.0 1024.0 0 0 0 0 2015/01/29 17:44:05.728
12149 2404359 4CA8EA 4CA8EA ____ -3.54034 38.86496 38000.0 360.0 6.1 0.0 0 0 0 0 2015/01/29 17:44:51.384
914 2404331 4CA4E6 RYR87PA 1263 -0.49701 38.30709 35000.0 409.1 236.0 64.0 0 0 0 0 2015/01/29 17:44:06.087
21569 2404369 344644 VLG1426 6335 1.67204 41.35105 16800.0 318.7 300.3 2240.0 0 0 0 0 2015/01/29 17:44:37.368
9596 2404360 3C4866 BER907H 3713 -1.03762 38.09921 32000.0 440.6 66.2 128.0 0 0 0 0 2015/01/29 17:44:06.821
2788 2404353 4CA1D2 RYR148W 4033 1.45956 40.86602 37000.0 412.0 227.8 0.0 0 0 0 0 2015/01/29 17:44:06.821
4397 2404361 3C4895 BER7955 6320 -0.61446 39.45973 10050.0 301.6 137.7 1600.0 0 0 0 0 2015/01/29 17:44:06.821
529 2404335 02001C RAM721P 4020 -2.85639 39.46243 36975.0 493.4 211.7 0.0 0 0 0 0 2015/01/29 17:44:05.728
286 2404330 400EFC EZY61RP 4024 -0.80511 39.3412 37050.0 445.3 229.2 0.0 0 0 0 0 2015/01/29 17:44:05.884
2694 2404342 3C6635 DLH1333 1066 -2.63867 40.72897 38000.0 392.5 34.6 0.0 0 0 0 0 2015/01/29 17:44:06.087
05:45:16.49 27
25 2404304 3420CA IBE32VJ 4016 -1.97367 40.23882 23275.0 413.0 303.3 -960.0 0 0 0 0 2015/01/29 17:44:06.087
8786 2404320 4CA7A7 RYR950W 4030 0.00269 39.63547 37000.0 384.9 275.7 0.0 0 0 0 0 2015/01/29 17:44:08.525
450 2404367 4CA2AA RYR9006 4661 1.7735 41.08109 31375.0 416.6 228.7 576.0 0 0 0 0 2015/01/29 17:44:44.478
6438 2404355 A62B2F GTI852 4040 1.66754 41.25632 36975.0 416.0 261.1 0.0 0 0 0 0 2015/01/29 17:44:08.525
20844 2404323 344548 VLG1309 6331 1.06952 40.72018 20050.0 423.0 76.3 -1600.0 0 0 0 0 2015/01/29 17:44:05.728
1413 2404365 4951CC TAP833 4037 2.43201 41.13826 39025.0 367.5 264.8 -64.0 0 0 0 0 2015/01/29 17:44:17.728
486 2404346 0A001B DAH2014 4272 1.66718 38.66382 33975.0 397.2 328.6 0.0 0 0 0 0 2015/01/29 17:44:06.290
15163 2404341 4CA9EC RYR1422 5426 -0.87017 41.29803 38000.0 478.4 78.1 64.0 0 0 0 0 2015/01/29 17:44:27.728
15084 2404307 344292 VLG2229 3737 1.39026 40.78395 17425.0 391.2 75.6 -896.0 0 0 0 0 2015/01/29 17:44:05.884
15109 2404336 4A082F BMS125 4034 1.31191 39.08629 33000.0 397.6 248.1 -64.0 0 0 0 0 2015/01/29 17:44:06.087
294 2404366 342058 6079 6034 -1.1944 39.57019 31975.0 513.3 120.6 -64.0 0 0 0 0 2015/01/29 17:44:06.821
16343 2404329 4CAA59 RYR625Y 4025 -0.40057 39.54613 37000.0 428.0 226.6 0.0 0 0 0 0 2015/01/29 17:44:06.821
20235 2404358 3444CB VLG2014 6353 1.02229 40.56799 28775.0 435.0 219.2 1728.0 0 0 0 0 2015/01/29 17:44:09.540
17490 2404362 3C674F DLH61A 1017 -2.14722 41.27792 28325.0 435.3 34.9 1216.0 0 0 0 0 2015/01/29 17:45:05.400
20399 2404339 3964EC TVF2DE 7625 -3.12427 39.34735 39000.0 495.7 192.5 0.0 0 0 0 0 2015/01/29 17:44:06.087
17312 2404368 344449 IBE17SW 6023 -2.35732 41.02481 28300.0 437.1 70.9 2432.0 0 0 0 0 2015/01/29 17:44:07.103
787 2404338 342119 AEA1004 7652 -0.12191 40.12295 15750.0 437.0 183.8 -2496.0 0 0 0 0 2015/01/29 17:44:05.728
17314 2404351 3443D1 VLG2268 6334 0.82504 40.4255 29950.0 436.2 228.0 1024.0 0 0 0 0 2015/01/29 17:44:05.728
12149 2404359 4CA8EA 4CA8EA ____ -3.54034 38.86496 38000.0 360.0 6.1 0.0 0 0 0 0 2015/01/29 17:44:51.384
914 2404331 4CA4E6 RYR87PA 1263 -0.499 38.30603 35000.0 409.1 236.0 64.0 0 0 0 0 2015/01/29 17:44:06.087
21569 2404369 344644 VLG1426 6335 1.67204 41.35105 16800.0 320.0 300.4 2240.0 0 0 0 0 2015/01/29 17:44:37.368
9596 2404360 3C4866 BER907H 3713 -1.03433 38.1004 32000.0 440.6 66.2 128.0 0 0 0 0 2015/01/29 17:44:06.821
2788 2404353 4CA1D2 RYR148W 4033 1.45776 40.86475 37000.0 412.0 227.8 0.0 0 0 0 0 2015/01/29 17:44:06.821
4397 2404361 3C4895 BER7955 6320 -0.61371 39.45917 10050.0 301.6 137.7 1600.0 0 0 0 0 2015/01/29 17:44:06.821
529 2404335 02001C RAM721P 4020 -2.85639 39.46243 36975.0 493.4 211.7 0.0 0 0 0 0 2015/01/29 17:44:05.728
286 2404330 400EFC EZY61RP 4024 -0.80676 39.34004 37025.0 445.3 229.2 0.0 0 0 0 0 2015/01/29 17:44:05.884
2694 2404342 3C6635 DLH1333 1066 -2.63733 40.73048 38000.0 392.5 34.6 0.0 0 0 0 0 2015/01/29 17:44:06.087
05:45:17.54 27
25 2404304 3420CA IBE32VJ 4016 -1.97626 40.24004 23250.0 413.0 303.3 -896.0 0 0 0 0 2015/01/29 17:44:06.087
8786 2404320 4CA7A7 RYR950W 4030 -5.5E-4 39.63569 37000.0 384.9 275.7 0.0 0 0 0 0 2015/01/29 17:44:08.525
450 2404367 4CA2AA RYR9006 4661 1.77045 41.07903 31400.0 416.6 228.7 704.0 0 0 0 0 2015/01/29 17:44:44.478
6438 2404355 A62B2F GTI852 4040 1.66754 41.25632 36975.0 416.0 261.1 0.0 0 0 0 0 2015/01/29 17:44:08.525
20844 2404323 344548 VLG1309 6331 1.06952 40.72018 20050.0 423.0 76.3 -1600.0 0 0 0 0 2015/01/29 17:44:05.728
1413 2404365 4951CC TAP833 4037 2.43201 41.13826 39025.0 367.5 264.8 -64.0 0 0 0 0 2015/01/29 17:44:17.728
486 2404346 0A001B DAH2014 4272 1.66595 38.66536 33975.0 397.2 328.6 0.0 0 0 0 0 2015/01/29 17:44:06.290
15163 2404341 4CA9EC RYR1422 5426 -0.87017 41.29803 38000.0 478.4 78.1 64.0 0 0 0 0 2015/01/29 17:44:27.728
15084 2404307 344292 VLG2229 3737 1.39026 40.78395 17425.0 391.2 75.6 -896.0 0 0 0 0 2015/01/29 17:44:05.884
15109 2404336 4A082F BMS125 4034 1.30981 39.08568 33000.0 397.6 248.1 -64.0 0 0 0 0 2015/01/29 17:44:06.087
294 2404366 342058 6079 6034 -1.19124 39.56868 31975.0 513.3 120.6 -64.0 0 0 0 0 2015/01/29 17:44:06.821
16343 2404329 4CAA59 RYR625Y 4025 -0.40057 39.54613 37000.0 428.0 226.6 0.0 0 0 0 0 2015/01/29 17:44:06.821
20235 2404358 3444CB VLG2014 6353 1.0216 40.56734 28775.0 434.8 219.4 1792.0 0 0 0 0 2015/01/29 17:44:09.540
17490 2404362 3C674F DLH61A 1017 -2.14595 41.2795 28350.0 435.3 34.9 1216.0 0 0 0 0 2015/01/29 17:45:05.400
20399 2404339 3964EC TVF2DE 7625 -3.12489 39.34506 39000.0 495.7 192.5 0.0 0 0 0 0 2015/01/29 17:44:06.087
17312 2404368 344449 IBE17SW 6023 -2.3548 41.02547 28350.0 434.2 72.0 2368.0 0 0 0 0 2015/01/29 17:44:07.103
787 2404338 342119 AEA1004 7652 -0.1221 40.12091 15700.0 436.9 183.7 -2560.0 0 0 0 0 2015/01/29 17:44:05.728
17314 2404351 3443D1 VLG2268 6334 0.82306 40.4241 29975.0 436.9 228.1 960.0 0 0 0 0 2015/01/29 17:44:05.728
12149 2404359 4CA8EA 4CA8EA ____ -3.54034 38.86496 38000.0 360.0 6.1 0.0 0 0 0 0 2015/01/29 17:44:51.384
914 2404331 4CA4E6 RYR87PA 1263 -0.50101 38.30495 35000.0 409.1 236.0 64.0 0 0 0 0 2015/01/29 17:44:06.087
21569 2404369 344644 VLG1426 6335 1.6687 41.35258 16875.0 320.0 300.4 2240.0 0 0 0 0 2015/01/29 17:44:37.368
9596 2404360 3C4866 BER907H 3713 -1.03242 38.1011 32025.0 440.2 66.3 128.0 0 0 0 0 2015/01/29 17:44:06.821
2788 2404353 4CA1D2 RYR148W 4033 1.45588 40.86351 37000.0 412.0 227.8 0.0 0 0 0 0 2015/01/29 17:44:06.821
4397 2404361 3C4895 BER7955 6320 -0.61189 39.45776 10100.0 304.8 134.1 1408.0 0 0 0 0 2015/01/29 17:44:06.821
529 2404335 02001C RAM721P 4020 -2.85639 39.46243 36975.0 493.4 211.7 0.0 0 0 0 0 2015/01/29 17:44:05.728
286 2404330 400EFC EZY61RP 4024 -0.80896 39.33855 37025.0 445.3 229.2 0.0 0 0 0 0 2015/01/29 17:44:05.884
2694 2404342 3C6635 DLH1333 1066 -2.63593 40.73204 38000.0 392.5 34.6 0.0 0 0 0 0 2015/01/29 17:44:06.087
